{
  "n_customers": 25,
  "n_drones": 5,
  "payload_capacity": 39,
  "battery_limit": 650,
  "seed": 10,
  "depot": [
    50.0,
    50.0
  ],
  "customers": [
    [
      95.60017096289754,
      20.768181007914688
    ],
    [
      82.84448852745308,
      14.928212308202028
    ],
    [
      51.28046164365648,
      13.591960402050663
    ],
    [
      68.90364797811311,
      84.1747724312279
    ],
    [
      42.55089974049766,
      95.69260034533661
    ],
    [
      82.53329063847983,
      33.8215312471576
    ],
    [
      57.57605479445136,
      75.33018647084769
    ],
    [
      82.71039370247955,
      93.34384708515813
    ],
    [
      14.49946949362273,
      74.55802110439375
    ],
    [
      13.935139386782236,
      90.65287561129269
    ],
    [
      22.611443367452743,
      85.32397499056063
    ],
    [
      30.631786553212383,
      96.98303682063218
    ],
    [
      51.78342136168696,
      32.24745587660613
    ],
    [
      28.243351716467956,
      60.5864995819676
    ],
    [
      33.37644567193383,
      67.8648773508143
    ],
    [
      15.442507046089403,
      24.977551939628317
    ],
    [
      86.98942460561098,
      60.036782043591906
    ],
    [
      26.198305597053373,
      14.941490058098827
    ],
    [
      13.67891494851895,
      24.892093759149635
    ],
    [
      38.28246665704073,
      64.90790566244355
    ],
    [
      83.75637600610617,
      77.60319470104766
    ],
    [
      33.95155752344186,
      14.856873827232375
    ],
    [
      45.701938669236796,
      43.786435768880025
    ],
    [
      57.421758990301996,
      37.326922352029065
    ],
    [
      63.38250573620988,
      11.464435897915104
    ]
  ],
  "demands": [
    9,
    3,
    4,
    8,
    9,
    10,
    9,
    9,
    8,
    9,
    6,
    8,
    3,
    5,
    8,
    8,
    5,
    6,
    4,
    5,
    1,
    3,
    8,
    9,
    9
  ],
  "coords": [
    [
      50.0,
      50.0
    ],
    [
      95.60017096289754,
      20.768181007914688
    ],
    [
      82.84448852745308,
      14.928212308202028
    ],
    [
      51.28046164365648,
      13.591960402050663
    ],
    [
      68.90364797811311,
      84.1747724312279
    ],
    [
      42.55089974049766,
      95.69260034533661
    ],
    [
      82.53329063847983,
      33.8215312471576
    ],
    [
      57.57605479445136,
      75.33018647084769
    ],
    [
      82.71039370247955,
      93.34384708515813
    ],
    [
      14.49946949362273,
      74.55802110439375
    ],
    [
      13.935139386782236,
      90.65287561129269
    ],
    [
      22.611443367452743,
      85.32397499056063
    ],
    [
      30.631786553212383,
      96.98303682063218
    ],
    [
      51.78342136168696,
      32.24745587660613
    ],
    [
      28.243351716467956,
      60.5864995819676
    ],
    [
      33.37644567193383,
      67.8648773508143
    ],
    [
      15.442507046089403,
      24.977551939628317
    ],
    [
      86.98942460561098,
      60.036782043591906
    ],
    [
      26.198305597053373,
      14.941490058098827
    ],
    [
      13.67891494851895,
      24.892093759149635
    ],
    [
      38.28246665704073,
      64.90790566244355
    ],
    [
      83.75637600610617,
      77.60319470104766
    ],
    [
      33.95155752344186,
      14.856873827232375
    ],
    [
      45.701938669236796,
      43.786435768880025
    ],
    [
      57.421758990301996,
      37.326922352029065
    ],
    [
      63.38250573620988,
      11.464435897915104
    ]
  ],
  "dist": [
    [
      0.0,
      54.16525485430234,
      48.049877403886775,
      36.43054939726716,
      39.05461531761175,
      46.29581861242734,
      36.333976536494006,
      26.43889091653515,
      54.30155556070917,
      43.16693256183571,
      54.344553236898186,
      44.69805637326976,
      50.81863281326253,
      17.8419005323527,
      24.19557227949606,
      24.402794947665424,
      42.665480498801124,
      38.32694256583412,
      42.37475399099851,
      44.15459404315991,
      18.961704535291094,
      43.605381305173395,
      38.634075931986004,
      7.555243983966072,
      14.686367950641474,
      40.79315090116948
    ],
    [
      54.16525485430234,
      0.0,
      14.028993862979974,
      44.89693504378723,
      68.7975303001503,
      91.80356088016187,
      18.46979463559348,
      66.50447992826213,
      73.71142153274981,
      97.31737088728414,
      107.48510558275187,
      97.44128946566681,
      100.1478667738756,
      45.295488706119045,
      78.24601966273399,
      78.03775237345454,
      80.26811252446839,
      40.20159176113197,
      69.64602819747459,
      82.02498913961011,
      72.34386303945386,
      58.055958010157134,
      61.931374048956975,
      54.95155719606889,
      41.61469759172244,
      33.53412628548357
    ],
    [
      48.049877403886775,
      14.028993862979974,
      0.0,
      31.592299097687203,
      70.63591950342231,
      90.25774023509068,
      18.89588168504446,
      65.47436312072088,
      78.41574943144425,
      90.70146483825395,
      102.3851699776746,
      92.64762885728696,
      97.2582154535882,
      35.56326884944551,
      71.175581050144,
      72.45258980732999,
      68.14701999824972,
      45.298604378772495,
      56.646184486538445,
      69.87957857680232,
      66.96076120358194,
      62.68161577940723,
      48.89298304810076,
      47.03579563775347,
      33.88240529753713,
      19.767815286143957
    ],
    [
      36.43054939726716,
      44.89693504378723,
      31.592299097687203,
      0.0,
      72.7496395216165,
      82.56343216047988,
      37.228683253062705,
      62.05838421391766,
      85.72166621535916,
      71.20183945027422,
      85.63327476720586,
      77.24891278100625,
      85.90948381430556,
      18.662274241879548,
      52.33732078096964,
      57.149832038625405,
      37.60306748654741,
      58.58542048268337,
      25.11843510728131,
      39.26282373638998,
      52.93651019513591,
      71.77829149651205,
      17.375008603761785,
      30.70547607926302,
      24.516605635096344,
      12.28762921534516
    ],
    [
      39.05461531761175,
      68.7975303001503,
      70.63591950342231,
      72.7496395216165,
      0.0,
      28.759827877339013,
      52.1652763511365,
      14.371536735683307,
      16.574020559497832,
      55.24759309376702,
      55.348918305300074,
      46.30646687275571,
      40.35823352917824,
      54.67676255925987,
      47.00708784955632,
      39.092131960770445,
      79.76468205719094,
      30.161861616507615,
      81.34490553219028,
      81.01979467220855,
      36.17829322375613,
      16.2415874759006,
      77.63130614658834,
      46.57828950492655,
      48.23437396475161,
      72.91965476085942
    ],
    [
      46.29581861242734,
      91.80356088016187,
      90.25774023509068,
      82.56343216047988,
      28.759827877339013,
      0.0,
      73.6656010175081,
      25.30579347088981,
      40.22811948326268,
      35.121975721576135,
      29.056162272678165,
      22.474214384495514,
      11.98876496842319,
      64.11338247311407,
      37.90968532272109,
      29.301071217893274,
      75.73297185173651,
      56.974730108657184,
      82.39022483184428,
      76.46112240013846,
      31.079204425256673,
      45.00130965693397,
      81.29184072387449,
      52.001720811609935,
      60.23034801863556,
      86.7660042559439
    ],
    [
      36.333976536494006,
      18.46979463559348,
      18.89588168504446,
      37.228683253062705,
      52.1652763511365,
      73.6656010175081,
      0.0,
      48.43379067813745,
      59.52257931418939,
      79.29730402390177,
      89.08146865305763,
      79.01347664743457,
      81.75048570266169,
      30.790131110666394,
      60.529009558385816,
      59.79418718402648,
      67.67118451034361,
      26.591286246681815,
      59.414531008148984,
      69.43097223506608,
      54.07862884100937,
      43.7987441898303,
      52.15211427656506,
      38.1555737738185,
      25.355015056504083,
      29.437939378090498
    ],
    [
      26.43889091653515,
      66.50447992826213,
      65.47436312072088,
      62.05838421391766,
      14.371536735683307,
      25.30579347088981,
      48.43379067813745,
      0.0,
      30.92291967248854,
      43.083505434594294,
      46.2527220832898,
      36.36481625442027,
      34.56645077710469,
      43.470406917147415,
      32.82961731331134,
      25.324926889140023,
      65.65533984450956,
      33.151689890918725,
      68.05407995944077,
      66.86523822620536,
      21.928668004811907,
      26.27880867086595,
      64.92409732449408,
      33.70464125462495,
      38.00357734319054,
      64.1291584911504
    ],
    [
      54.30155556070917,
      73.71142153274981,
      78.41574943144425,
      85.72166621535916,
      16.574020559497832,
      40.22811948326268,
      59.52257931418939,
      30.92291967248854,
      0.0,
      70.75052960371373,
      68.82787904375668,
      60.63169286590737,
      52.205603382572654,
      68.478074132357,
      63.55865384155593,
      55.52491627192422,
      95.91099461032945,
      33.58080831595744,
      96.64649858858792,
      97.21618997041197,
      52.74887170500322,
      15.77536739530661,
      92.39929153800145,
      61.85113386445167,
      61.4606451492579,
      84.12969291282532
    ],
    [
      43.16693256183571,
      97.31737088728414,
      90.70146483825395,
      71.20183945027422,
      55.24759309376702,
      35.121975721576135,
      79.29730402390177,
      43.083505434594294,
      70.75052960371373,
      0.0,
      16.10474495506625,
      13.479980831172297,
      27.624861693493926,
      56.393944681986916,
      19.598410961275867,
      20.028439852934234,
      49.58943680284762,
      73.93010196123788,
      60.75354755212882,
      49.67270526984168,
      25.666236228128856,
      69.32382117218171,
      62.79021193569221,
      43.82333335924994,
      56.81969420847911,
      79.81448318758488
    ],
    [
      54.344553236898186,
      107.48510558275187,
      102.3851699776746,
      85.63327476720586,
      55.348918305300074,
      29.056162272678165,
      89.08146865305763,
      46.2527220832898,
      68.82787904375668,
      16.10474495506625,
      0.0,
      10.182113365634729,
      17.856342501657117,
      69.5965911725338,
      33.29732583268729,
      29.954252699619147,
      65.69261980343153,
      79.21031355941086,
      76.6981039393094,
      65.76128101525936,
      35.43438757580294,
      71.03026999041208,
      78.39445695628531,
      56.61795404422735,
      68.80947155407021,
      93.35872226596582
    ],
    [
      44.69805637326976,
      97.44128946566681,
      92.64762885728696,
      77.24891278100625,
      46.30646687275571,
      22.474214384495514,
      79.01347664743457,
      36.36481625442027,
      60.63169286590737,
      13.479980831172297,
      10.182113365634729,
      0.0,
      14.151311867625292,
      60.56501615082805,
      25.37047656711344,
      20.511103456656812,
      60.77075302332412,
      69.16622438327742,
      70.47382326738311,
      61.088479545020796,
      25.737071662356847,
      61.630457045720476,
      71.37373841570583,
      47.52407955841297,
      59.2914423483554,
      84.36534265713094
    ],
    [
      50.81863281326253,
      100.1478667738756,
      97.2582154535882,
      85.90948381430556,
      40.35823352917824,
      11.98876496842319,
      81.75048570266169,
      34.56645077710469,
      52.205603382572654,
      27.624861693493926,
      17.856342501657117,
      14.151311867625292,
      0.0,
      68.10350281176162,
      36.47482068406741,
      29.24722832317151,
      73.5901084718183,
      67.38849389098363,
      82.16125089467403,
      74.05743667680606,
      32.974944198074354,
      56.54909623608972,
      82.19323285595506,
      55.290033896348746,
      65.39537152330507,
      91.5753280681129
    ],
    [
      17.8419005323527,
      45.295488706119045,
      35.56326884944551,
      18.662274241879548,
      54.67676255925987,
      64.11338247311407,
      30.790131110666394,
      43.470406917147415,
      68.478074132357,
      56.393944681986916,
      69.5965911725338,
      60.56501615082805,
      68.10350281176162,
      0.0,
      36.840687792658656,
      40.09261112118476,
      37.06094381618592,
      44.85208259631105,
      30.888421804958654,
      38.8079213675517,
      35.34092186333171,
      55.49245780288561,
      24.907984903675246,
      13.043484530326708,
      7.5889281778919,
      23.800686497703634
    ],
    [
      24.19557227949606,
      78.24601966273399,
      71.175581050144,
      52.33732078096964,
      47.00708784955632,
      37.90968532272109,
      60.529009558385816,
      32.82961731331134,
      63.55865384155593,
      19.598410961275867,
      33.29732583268729,
      25.37047656711344,
      36.47482068406741,
      36.840687792658656,
      0.0,
      8.906370557173224,
      37.83990983697001,
      58.74864482920864,
      45.69079894316364,
      38.551438694445714,
      10.929701702352448,
      58.06258501442805,
      46.08451242231943,
      24.228999205728762,
      37.314707341116936,
      60.39650060891984
    ],
    [
      24.402794947665424,
      78.03775237345454,
      72.45258980732999,
      57.149832038625405,
      39.092131960770445,
      29.301071217893274,
      59.79418718402648,
      25.324926889140023,
      55.52491627192422,
      20.028439852934234,
      29.954252699619147,
      20.511103456656812,
      29.24722832317151,
      40.09261112118476,
      8.906370557173224,
      0.0,
      46.48600687906538,
      54.18145980205652,
      53.40796398917826,
      47.27211489045013,
      5.728239124908752,
      51.312495605748055,
      53.011123278023625,
      27.049752801849888,
      38.86828769172017,
      63.885627778576705
    ],
    [
      42.665480498801124,
      80.26811252446839,
      68.14701999824972,
      37.60306748654741,
      79.76468205719094,
      75.73297185173651,
      67.67118451034361,
      65.65533984450956,
      95.91099461032945,
      49.58943680284762,
      65.69261980343153,
      60.77075302332412,
      73.5901084718183,
      37.06094381618592,
      37.83990983697001,
      46.48600687906538,
      0.0,
      79.67503390492936,
      14.710871509152947,
      1.7656614022013621,
      46.00105328640892,
      86.23365333985839,
      21.095333015335683,
      35.628742793680196,
      43.75802261732534,
      49.80810957630855
    ],
    [
      38.32694256583412,
      40.20159176113197,
      45.298604378772495,
      58.58542048268337,
      30.161861616507615,
      56.974730108657184,
      26.591286246681815,
      33.151689890918725,
      33.58080831595744,
      73.93010196123788,
      79.21031355941086,
      69.16622438327742,
      67.38849389098363,
      44.85208259631105,
      58.74864482920864,
      54.18145980205652,
      79.67503390492936,
      0.0,
      75.69111909312406,
      81.29932312629175,
      48.94992949855929,
      17.861451701885308,
      69.67237222216932,
      44.3703758040693,
      37.282496927501995,
      54.00517964604812
    ],
    [
      42.37475399099851,
      69.64602819747459,
      56.646184486538445,
      25.11843510728131,
      81.34490553219028,
      82.39022483184428,
      59.414531008148984,
      68.05407995944077,
      96.64649858858792,
      60.75354755212882,
      76.6981039393094,
      70.47382326738311,
      82.16125089467403,
      30.888421804958654,
      45.69079894316364,
      53.40796398917826,
      14.710871509152947,
      75.69111909312406,
      0.0,
      15.992174843528232,
      51.40690261890731,
      85.08478534951847,
      7.7537136483476665,
      34.819859219593084,
      38.41889666279477,
      37.346414093212445
    ],
    [
      44.15459404315991,
      82.02498913961011,
      69.87957857680232,
      39.26282373638998,
      81.01979467220855,
      76.46112240013846,
      69.43097223506608,
      66.86523822620536,
      97.21618997041197,
      49.67270526984168,
      65.76128101525936,
      61.088479545020796,
      74.05743667680606,
      38.8079213675517,
      38.551438694445714,
      47.27211489045013,
      1.7656614022013621,
      81.29932312629175,
      15.992174843528232,
      0.0,
      46.974460709556894,
      87.68871484281553,
      22.620470288049418,
      37.18158426154432,
      45.475942727974825,
      51.48542446973326
    ],
    [
      18.961704535291094,
      72.34386303945386,
      66.96076120358194,
      52.93651019513591,
      36.17829322375613,
      31.079204425256673,
      54.07862884100937,
      21.928668004811907,
      52.74887170500322,
      25.666236228128856,
      35.43438757580294,
      25.737071662356847,
      32.974944198074354,
      35.34092186333171,
      10.929701702352448,
      5.728239124908752,
      46.00105328640892,
      48.94992949855929,
      51.40690261890731,
      46.974460709556894,
      0.0,
      47.2127821173538,
      50.23805889654588,
      22.386716047792078,
      33.57116547555947,
      59.044190419108
    ],
    [
      43.605381305173395,
      58.055958010157134,
      62.68161577940723,
      71.77829149651205,
      16.2415874759006,
      45.00130965693397,
      43.7987441898303,
      26.27880867086595,
      15.77536739530661,
      69.32382117218171,
      71.03026999041208,
      61.630457045720476,
      56.54909623608972,
      55.49245780288561,
      58.06258501442805,
      51.312495605748055,
      86.23365333985839,
      17.861451701885308,
      85.08478534951847,
      87.68871484281553,
      47.2127821173538,
      0.0,
      80.11005384651122,
      50.90887334936864,
      48.121618506669144,
      69.20570789894073
    ],
    [
      38.634075931986004,
      61.931374048956975,
      48.89298304810076,
      17.375008603761785,
      77.63130614658834,
      81.29184072387449,
      52.15211427656506,
      64.92409732449408,
      92.39929153800145,
      62.79021193569221,
      78.39445695628531,
      71.37373841570583,
      82.19323285595506,
      24.907984903675246,
      46.08451242231943,
      53.011123278023625,
      21.095333015335683,
      69.67237222216932,
      7.7537136483476665,
      22.620470288049418,
      50.23805889654588,
      80.11005384651122,
      0.0,
      31.22484605577874,
      32.49235968041905,
      29.62582231444223
    ],
    [
      7.555243983966072,
      54.95155719606889,
      47.03579563775347,
      30.70547607926302,
      46.57828950492655,
      52.001720811609935,
      38.1555737738185,
      33.70464125462495,
      61.85113386445167,
      43.82333335924994,
      56.61795404422735,
      47.52407955841297,
      55.290033896348746,
      13.043484530326708,
      24.228999205728762,
      27.049752801849888,
      35.628742793680196,
      44.3703758040693,
      34.819859219593084,
      37.18158426154432,
      22.386716047792078,
      50.90887334936864,
      31.22484605577874,
      0.0,
      13.382058957444865,
      36.841744359739394
    ],
    [
      14.686367950641474,
      41.61469759172244,
      33.88240529753713,
      24.516605635096344,
      48.23437396475161,
      60.23034801863556,
      25.355015056504083,
      38.00357734319054,
      61.4606451492579,
      56.81969420847911,
      68.80947155407021,
      59.2914423483554,
      65.39537152330507,
      7.5889281778919,
      37.314707341116936,
      38.86828769172017,
      43.75802261732534,
      37.282496927501995,
      38.41889666279477,
      45.475942727974825,
      33.57116547555947,
      48.121618506669144,
      32.49235968041905,
      13.382058957444865,
      0.0,
      26.540510683822188
    ],
    [
      40.79315090116948,
      33.53412628548357,
      19.767815286143957,
      12.28762921534516,
      72.91965476085942,
      86.7660042559439,
      29.437939378090498,
      64.1291584911504,
      84.12969291282532,
      79.81448318758488,
      93.35872226596582,
      84.36534265713094,
      91.5753280681129,
      23.800686497703634,
      60.39650060891984,
      63.885627778576705,
      49.80810957630855,
      54.00517964604812,
      37.346414093212445,
      51.48542446973326,
      59.044190419108,
      69.20570789894073,
      29.62582231444223,
      36.841744359739394,
      26.540510683822188,
      0.0
    ]
  ]
}